x	y
0	0.66619
0.001	0.666101
0.002	0.666012
0.003	0.665923
0.004	0.665834
0.005	0.665745
0.006	0.665656
0.007	0.665567
0.008	0.665478
0.009	0.66539
0.01	0.665301
0.011	0.665213
0.012	0.665125
0.013	0.665037
0.014	0.664949
0.015	0.664862
0.016	0.664776
0.017	0.664689
0.018	0.664604
0.019	0.664518
0.02	0.664434
0.021	0.66435
0.022	0.664266
0.023	0.664184
0.024	0.664102
0.025	0.66402
0.026	0.66394
0.027	0.66386
0.028	0.663782
0.029	0.663704
0.03	0.663627
0.031	0.663551
0.032	0.663476
0.033	0.663403
0.034	0.66333
0.035	0.663259
0.036	0.663188
0.037	0.663119
0.038	0.663052
0.039	0.662985
0.04	0.66292
0.041	0.662856
0.042	0.662794
0.043	0.662733
0.044	0.662674
0.045	0.662616
0.046	0.66256
0.047	0.662506
0.048	0.662453
0.049	0.662402
0.05	0.662353
0.051	0.662306
0.052	0.662261
0.053	0.662218
0.054	0.662176
0.055	0.662137
0.056	0.6621
0.057	0.662065
0.058	0.662032
0.059	0.662002
0.06	0.661973
0.061	0.661948
0.062	0.661924
0.063	0.661903
0.064	0.661885
0.065	0.661869
0.066	0.661855
0.067	0.661845
0.068	0.661837
0.069	0.661831
0.07	0.661829
0.071	0.661829
0.072	0.661832
0.073	0.661839
0.074	0.661848
0.075	0.66186
0.076	0.661875
0.077	0.661894
0.078	0.661915
0.079	0.66194
0.08	0.661968
0.081	0.661999
0.082	0.662034
0.083	0.662072
0.084	0.662114
0.085	0.662159
0.086	0.662208
0.087	0.66226
0.088	0.662316
0.089	0.662376
0.09	0.662443
0.091	0.662517
0.092	0.662602
0.093	0.662698
0.094	0.662807
0.095	0.662932
0.096	0.663075
0.097	0.663236
0.098	0.663418
0.099	0.663623
0.1	0.663853
0.101	0.664109
0.102	0.664393
0.103	0.664708
0.104	0.665054
0.105	0.665435
0.106	0.665851
0.107	0.666304
0.108	0.666797
0.109	0.667332
0.11	0.667909
0.111	0.668531
0.112	0.6692
0.113	0.669918
0.114	0.670686
0.115	0.671507
0.116	0.672381
0.117	0.673312
0.118	0.674301
0.119	0.675349
0.12	0.676459
0.121	0.677632
0.122	0.678871
0.123	0.680176
0.124	0.681551
0.125	0.682996
0.126	0.684514
0.127	0.6861
0.128	0.687738
0.129	0.689411
0.13	0.691101
0.131	0.692792
0.132	0.694466
0.133	0.696105
0.134	0.697693
0.135	0.699212
0.136	0.700646
0.137	0.701975
0.138	0.703185
0.139	0.704256
0.14	0.705173
0.141	0.705917
0.142	0.706471
0.143	0.706819
0.144	0.706943
0.145	0.706825
0.146	0.706451
0.147	0.705834
0.148	0.704998
0.149	0.703966
0.15	0.702764
0.151	0.701415
0.152	0.699945
0.153	0.698377
0.154	0.696736
0.155	0.695046
0.156	0.69333
0.157	0.691593
0.158	0.68982
0.159	0.688
0.16	0.686118
0.161	0.684162
0.162	0.682118
0.163	0.679972
0.164	0.677712
0.165	0.675324
0.166	0.672815
0.167	0.670211
0.168	0.667539
0.169	0.664826
0.17	0.662101
0.171	0.659389
0.172	0.656719
0.173	0.654118
0.174	0.651613
0.175	0.64923
0.176	0.646981
0.177	0.644868
0.178	0.642895
0.179	0.641066
0.18	0.639384
0.181	0.637853
0.182	0.636476
0.183	0.635256
0.184	0.634197
0.185	0.633299
0.186	0.632543
0.187	0.631911
0.188	0.631383
0.189	0.630938
0.19	0.630558
0.191	0.630222
0.192	0.629913
0.193	0.629629
0.194	0.629376
0.195	0.629161
0.196	0.628992
0.197	0.628874
0.198	0.628814
0.199	0.62882
0.2	0.628899
0.201	0.629056
0.202	0.629299
0.203	0.629634
0.204	0.630067
0.205	0.630595
0.206	0.631212
0.207	0.631912
0.208	0.632691
0.209	0.633543
0.21	0.634463
0.211	0.635444
0.212	0.636482
0.213	0.637572
0.214	0.638707
0.215	0.639883
0.216	0.641103
0.217	0.642394
0.218	0.643781
0.219	0.645293
0.22	0.646958
0.221	0.648803
0.222	0.650857
0.223	0.653146
0.224	0.655698
0.225	0.658541
0.226	0.661662
0.227	0.664969
0.228	0.668356
0.229	0.671717
0.23	0.674949
0.231	0.677947
0.232	0.680605
0.233	0.682819
0.234	0.684484
0.235	0.685496
0.236	0.685749
0.237	0.685139
0.238	0.683561
0.239	0.68091
0.24	0.677081
0.241	0.671999
0.242	0.665954
0.243	0.659492
0.244	0.653164
0.245	0.64752
0.246	0.643111
0.247	0.640487
0.248	0.6402
0.249	0.6428
0.25	0.648838
0.251	0.658864
0.252	0.67343
0.253	0.693085
0.254	0.71838
0.255	0.749647
0.256	0.785371
0.257	0.823112
0.258	0.860424
0.259	0.89486
0.26	0.924322
0.261	0.948196
0.262	0.966258
0.263	0.978288
0.264	0.984064
0.265	0.983323
0.266	0.975535
0.267	0.960059
0.268	0.936264
0.269	0.904276
0.27	0.865472
0.271	0.821347
0.272	0.773393
0.273	0.723105
0.274	0.671976
0.275	0.6215
0.276	0.573172
0.277	0.528484
0.278	0.488908
0.279	0.45513
0.28	0.426869
0.281	0.403785
0.282	0.385537
0.283	0.371783
0.284	0.362184
0.285	0.356398
0.286	0.354086
0.287	0.354905
0.288	0.358516
0.289	0.364578
0.29	0.372749
0.291	0.38269
0.292	0.39406
0.293	0.406517
0.294	0.419722
0.295	0.433333
0.296	0.447009
0.297	0.460411
0.298	0.473197
0.299	0.485027
0.3	0.495559
0.301	0.504543
0.302	0.512083
0.303	0.518373
0.304	0.523608
0.305	0.527981
0.306	0.531686
0.307	0.534917
0.308	0.537869
0.309	0.540736
0.31	0.543711
0.311	0.546931
0.312	0.550396
0.313	0.554086
0.314	0.55798
0.315	0.562056
0.316	0.566294
0.317	0.570673
0.318	0.575173
0.319	0.579773
0.32	0.584451
0.321	0.589187
0.322	0.593961
0.323	0.598754
0.324	0.603551
0.325	0.608336
0.326	0.613092
0.327	0.617803
0.328	0.622453
0.329	0.627027
0.33	0.631507
0.331	0.635878
0.332	0.640124
0.333	0.644229
0.334	0.648183
0.335	0.651991
0.336	0.655658
0.337	0.659189
0.338	0.662589
0.339	0.665865
0.34	0.66902
0.341	0.672061
0.342	0.674993
0.343	0.677821
0.344	0.680551
0.345	0.683188
0.346	0.685737
0.347	0.688203
0.348	0.690586
0.349	0.692888
0.35	0.695107
0.351	0.697244
0.352	0.6993
0.353	0.701274
0.354	0.703168
0.355	0.70498
0.356	0.706712
0.357	0.708363
0.358	0.709934
0.359	0.711425
0.36	0.712836
0.361	0.714168
0.362	0.71542
0.363	0.716593
0.364	0.717683
0.365	0.718682
0.366	0.719582
0.367	0.720375
0.368	0.721051
0.369	0.721603
0.37	0.722022
0.371	0.7223
0.372	0.722429
0.373	0.722399
0.374	0.722203
0.375	0.721833
0.376	0.721279
0.377	0.720534
0.378	0.719589
0.379	0.718436
0.38	0.717066
0.381	0.715471
0.382	0.713642
0.383	0.711568
0.384	0.709237
0.385	0.706637
0.386	0.703756
0.387	0.700581
0.388	0.697102
0.389	0.693304
0.39	0.689178
0.391	0.68471
0.392	0.67989
0.393	0.674753
0.394	0.66937
0.395	0.663815
0.396	0.658161
0.397	0.652482
0.398	0.646852
0.399	0.641344
0.4	0.636031
0.401	0.630989
0.402	0.626289
0.403	0.622005
0.404	0.618211
0.405	0.614942
0.406	0.612165
0.407	0.609845
0.408	0.607943
0.409	0.606423
0.41	0.605247
0.411	0.604378
0.412	0.603778
0.413	0.603411
0.414	0.60324
0.415	0.603226
0.416	0.603333
0.417	0.603527
0.418	0.603797
0.419	0.60414
0.42	0.604554
0.421	0.605037
0.422	0.605587
0.423	0.606202
0.424	0.60688
0.425	0.607617
0.426	0.608412
0.427	0.609264
0.428	0.610169
0.429	0.611125
0.43	0.612131
0.431	0.613183
0.432	0.61428
0.433	0.61542
0.434	0.616601
0.435	0.617819
0.436	0.619074
0.437	0.620363
0.438	0.621685
0.439	0.62304
0.44	0.624428
0.441	0.625847
0.442	0.627296
0.443	0.628777
0.444	0.630286
0.445	0.631825
0.446	0.633391
0.447	0.634985
0.448	0.636607
0.449	0.638254
0.45	0.639927
0.451	0.641624
0.452	0.643346
0.453	0.645091
0.454	0.64686
0.455	0.64865
0.456	0.650462
0.457	0.652294
0.458	0.654147
0.459	0.65602
0.46	0.657911
0.461	0.659821
0.462	0.661747
0.463	0.663691
0.464	0.665647
0.465	0.667613
0.466	0.669585
0.467	0.671561
0.468	0.673537
0.469	0.67551
0.47	0.677476
0.471	0.679432
0.472	0.681375
0.473	0.683302
0.474	0.685209
0.475	0.687093
0.476	0.688951
0.477	0.690779
0.478	0.692574
0.479	0.694334
0.48	0.696053
0.481	0.697727
0.482	0.699347
0.483	0.700907
0.484	0.702401
0.485	0.703821
0.486	0.70516
0.487	0.706411
0.488	0.707568
0.489	0.708624
0.49	0.709571
0.491	0.710404
0.492	0.711114
0.493	0.711695
0.494	0.71214
0.495	0.712447
0.496	0.712617
0.497	0.712651
0.498	0.712552
0.499	0.71232
0.5	0.711957
0.501	0.711466
0.502	0.710846
0.503	0.710101
0.504	0.709231
0.505	0.708239
0.506	0.707125
0.507	0.705892
0.508	0.70454
0.509	0.703072
0.51	0.701489
0.511	0.699792
0.512	0.697983
0.513	0.696062
0.514	0.694031
0.515	0.69189
0.516	0.689642
0.517	0.687286
0.518	0.684824
0.519	0.682258
0.52	0.679587
0.521	0.676815
0.522	0.67394
0.523	0.670965
0.524	0.667894
0.525	0.664742
0.526	0.661527
0.527	0.658269
0.528	0.654986
0.529	0.651695
0.53	0.648417
0.531	0.645169
0.532	0.64197
0.533	0.638839
0.534	0.635793
0.535	0.632852
0.536	0.630033
0.537	0.627357
0.538	0.62484
0.539	0.622502
0.54	0.620361
0.541	0.618436
0.542	0.616737
0.543	0.615256
0.544	0.613984
0.545	0.612912
0.546	0.612031
0.547	0.611332
0.548	0.610805
0.549	0.610441
0.55	0.610231
0.551	0.610166
0.552	0.610236
0.553	0.610432
0.554	0.610745
0.555	0.611165
0.556	0.611684
0.557	0.612292
0.558	0.61298
0.559	0.613738
0.56	0.614558
0.561	0.61543
0.562	0.616345
0.563	0.617293
0.564	0.618266
0.565	0.619254
0.566	0.620248
0.567	0.621239
0.568	0.622217
0.569	0.623177
0.57	0.624119
0.571	0.625045
0.572	0.625955
0.573	0.626852
0.574	0.627736
0.575	0.628608
0.576	0.629469
0.577	0.630322
0.578	0.631166
0.579	0.632004
0.58	0.632836
0.581	0.633664
0.582	0.634489
0.583	0.635312
0.584	0.636134
0.585	0.636956
0.586	0.637781
0.587	0.638608
0.588	0.63944
0.589	0.640277
0.59	0.641121
0.591	0.641972
0.592	0.642832
0.593	0.643703
0.594	0.644585
0.595	0.64548
0.596	0.646389
0.597	0.647313
0.598	0.648253
0.599	0.649211
0.6	0.650189
0.601	0.651198
0.602	0.652251
0.603	0.65336
0.604	0.654536
0.605	0.655792
0.606	0.657141
0.607	0.658594
0.608	0.660165
0.609	0.661864
0.61	0.663705
0.611	0.665699
0.612	0.66786
0.613	0.670198
0.614	0.672727
0.615	0.675459
0.616	0.678405
0.617	0.681566
0.618	0.68484
0.619	0.68808
0.62	0.691136
0.621	0.693859
0.622	0.696101
0.623	0.697713
0.624	0.698546
0.625	0.698452
0.626	0.697351
0.627	0.695474
0.628	0.69314
0.629	0.69067
0.63	0.688381
0.631	0.686594
0.632	0.685628
0.633	0.685802
0.634	0.687435
0.635	0.690847
0.636	0.696357
0.637	0.704284
0.638	0.714948
0.639	0.728667
0.64	0.745762
0.641	0.766551
0.642	0.791307
0.643	0.81932
0.644	0.848947
0.645	0.87851
0.646	0.90633
0.647	0.930727
0.648	0.950023
0.649	0.962538
0.65	0.966621
0.651	0.961527
0.652	0.947603
0.653	0.925259
0.654	0.894905
0.655	0.856951
0.656	0.811807
0.657	0.759993
0.658	0.704243
0.659	0.64954
0.66	0.60032
0.661	0.560308
0.662	0.530115
0.663	0.508091
0.664	0.492532
0.665	0.481738
0.666	0.474005
0.667	0.46805
0.668	0.46357
0.669	0.460403
0.67	0.458389
0.671	0.457367
0.672	0.457176
0.673	0.457655
0.674	0.458643
0.675	0.459979
0.676	0.461501
0.677	0.463071
0.678	0.464656
0.679	0.466258
0.68	0.467883
0.681	0.469533
0.682	0.471211
0.683	0.472921
0.684	0.474667
0.685	0.476452
0.686	0.47828
0.687	0.480153
0.688	0.482076
0.689	0.484051
0.69	0.486083
0.691	0.488175
0.692	0.49033
0.693	0.492552
0.694	0.494844
0.695	0.49721
0.696	0.499652
0.697	0.502176
0.698	0.504783
0.699	0.507478
0.7	0.510263
0.701	0.513143
0.702	0.516121
0.703	0.519201
0.704	0.522385
0.705	0.525677
0.706	0.529082
0.707	0.532601
0.708	0.536239
0.709	0.539999
0.71	0.543885
0.711	0.547899
0.712	0.552046
0.713	0.55633
0.714	0.560752
0.715	0.565318
0.716	0.570029
0.717	0.574891
0.718	0.579906
0.719	0.585077
0.72	0.590402
0.721	0.59584
0.722	0.601337
0.723	0.606843
0.724	0.612304
0.725	0.617668
0.726	0.622882
0.727	0.627895
0.728	0.632653
0.729	0.637103
0.73	0.641195
0.731	0.644875
0.732	0.64809
0.733	0.650788
0.734	0.65293
0.735	0.654576
0.736	0.655839
0.737	0.656833
0.738	0.65767
0.739	0.658465
0.74	0.65933
0.741	0.660378
0.742	0.661722
0.743	0.663477
0.744	0.665754
0.745	0.668667
0.746	0.67233
0.747	0.676855
0.748	0.682356
0.749	0.688946
0.75	0.696738
0.751	0.705845
0.752	0.716381
0.753	0.728458
0.754	0.742188
0.755	0.757622
0.756	0.774757
0.757	0.79359
0.758	0.814114
0.759	0.836325
0.76	0.859749
0.761	0.87996
0.762	0.890651
0.763	0.889019
0.764	0.876717
0.765	0.855681
0.766	0.82785
0.767	0.795163
0.768	0.759556
0.769	0.722968
0.77	0.687337
0.771	0.654464
0.772	0.625031
0.773	0.599083
0.774	0.576634
0.775	0.557551
0.776	0.541509
0.777	0.528167
0.778	0.517187
0.779	0.50823
0.78	0.500974
0.781	0.495213
0.782	0.490785
0.783	0.48753
0.784	0.485288
0.785	0.483896
0.786	0.483196
0.787	0.483025
0.788	0.483224
0.789	0.483677
0.79	0.484359
0.791	0.485251
0.792	0.486338
0.793	0.487602
0.794	0.489028
0.795	0.490598
0.796	0.492301
0.797	0.494148
0.798	0.496154
0.799	0.498336
0.8	0.500711
0.801	0.503294
0.802	0.506102
0.803	0.50915
0.804	0.512456
0.805	0.516032
0.806	0.519865
0.807	0.523915
0.808	0.528145
0.809	0.532515
0.81	0.536986
0.811	0.54152
0.812	0.546079
0.813	0.550623
0.814	0.555114
0.815	0.559513
0.816	0.563794
0.817	0.567953
0.818	0.57199
0.819	0.575906
0.82	0.579702
0.821	0.583376
0.822	0.58693
0.823	0.590363
0.824	0.593676
0.825	0.596868
0.826	0.599941
0.827	0.602895
0.828	0.605736
0.829	0.608469
0.83	0.611099
0.831	0.613631
0.832	0.616072
0.833	0.618426
0.834	0.620698
0.835	0.622893
0.836	0.625018
0.837	0.627077
0.838	0.629075
0.839	0.631019
0.84	0.632912
0.841	0.634761
0.842	0.63657
0.843	0.638345
0.844	0.640083
0.845	0.641776
0.846	0.643417
0.847	0.645
0.848	0.646517
0.849	0.64796
0.85	0.649323
0.851	0.650597
0.852	0.651777
0.853	0.652855
0.854	0.653823
0.855	0.654674
0.856	0.655402
0.857	0.655998
0.858	0.656455
0.859	0.656771
0.86	0.656949
0.861	0.657001
0.862	0.656932
0.863	0.656753
0.864	0.656471
0.865	0.656095
0.866	0.655634
0.867	0.655094
0.868	0.654486
0.869	0.653818
0.87	0.653097
0.871	0.652332
0.872	0.651532
0.873	0.650703
0.874	0.649845
0.875	0.648957
0.876	0.648037
0.877	0.647082
0.878	0.64609
0.879	0.645061
0.88	0.643992
0.881	0.642881
0.882	0.641726
0.883	0.640525
0.884	0.639278
0.885	0.63798
0.886	0.636632
0.887	0.635231
0.888	0.633774
0.889	0.632264
0.89	0.630707
0.891	0.629114
0.892	0.627492
0.893	0.625851
0.894	0.624201
0.895	0.62255
0.896	0.620907
0.897	0.619282
0.898	0.617683
0.899	0.61612
0.9	0.614601
0.901	0.613135
0.902	0.611723
0.903	0.61037
0.904	0.609077
0.905	0.607847
0.906	0.606682
0.907	0.605586
0.908	0.604562
0.909	0.603611
0.91	0.602736
0.911	0.60194
0.912	0.601226
0.913	0.600597
0.914	0.600054
0.915	0.599601
0.916	0.599241
0.917	0.598972
0.918	0.598793
0.919	0.598698
0.92	0.598684
0.921	0.598747
0.922	0.598884
0.923	0.59909
0.924	0.599361
0.925	0.599695
0.926	0.600086
0.927	0.600531
0.928	0.601026
0.929	0.601568
0.93	0.602152
0.931	0.602775
0.932	0.603432
0.933	0.60412
0.934	0.604836
0.935	0.605574
0.936	0.606332
0.937	0.607105
0.938	0.60789
0.939	0.608683
0.94	0.609478
0.941	0.610272
0.942	0.611061
0.943	0.611839
0.944	0.612604
0.945	0.613351
0.946	0.614075
0.947	0.614772
0.948	0.615438
0.949	0.616068
0.95	0.616659
0.951	0.617206
0.952	0.617705
0.953	0.618152
0.954	0.618541
0.955	0.618873
0.956	0.619153
0.957	0.619385
0.958	0.619575
0.959	0.619729
0.96	0.619852
0.961	0.61995
0.962	0.620027
0.963	0.62009
0.964	0.620143
0.965	0.620193
0.966	0.620244
0.967	0.620302
0.968	0.620366
0.969	0.620434
0.97	0.620507
0.971	0.620583
0.972	0.620661
0.973	0.62074
0.974	0.620818
0.975	0.620895
0.976	0.62097
0.977	0.621041
0.978	0.621108
0.979	0.621169
0.98	0.621223
0.981	0.62127
0.982	0.621307
0.983	0.621335
0.984	0.621352
0.985	0.621356
0.986	0.621348
0.987	0.621325
0.988	0.621287
0.989	0.621232
0.99	0.62116
0.991	0.621069
0.992	0.620959
0.993	0.620828
0.994	0.620675
0.995	0.620499
0.996	0.620299
0.997	0.620074
0.998	0.619823
0.999	0.619545
1	0.619239
